0.000000000000000000e+00 1.000000000000000000e+00 1.000000000000000000e+00
1.000000000000000021e-02 1.010000000000000009e+00 9.899999999999999911e-01
2.000000000000000042e-02 1.019900000000000029e+00 9.802960396039603896e-01
2.999999999999999889e-02 1.029702960396039702e+00 9.708737401112335075e-01
4.000000000000000083e-02 1.039411697797152145e+00 9.617196844710026449e-01
5.000000000000000278e-02 1.049028894641862220e+00 9.528213359777234492e-01
5.999999999999999778e-02 1.058557108001639380e+00 9.441669652265315404e-01
7.000000000000000666e-02 1.067998777653904607e+00 9.357455843535810169e-01
8.000000000000000167e-02 1.077356233497440474e+00 9.275468877168608905e-01
8.999999999999999667e-02 1.086631702374609043e+00 9.195611982841253029e-01
1.000000000000000056e-01 1.095827314357450399e+00 9.117794190893726558e-01
1.100000000000000006e-01 1.104945108548344157e+00 9.041929892004405556e-01
1.199999999999999956e-01 1.113987038440348520e+00 8.967938437099163274e-01
1.300000000000000044e-01 1.122954976877447608e+00 8.895743773214923600e-01
1.400000000000000133e-01 1.131850720650662501e+00 8.825274111556058454e-01
1.499999999999999944e-01 1.140675994762218481e+00 8.756461624429374702e-01
1.600000000000000033e-01 1.149432456386647816e+00 8.689242168131368071e-01
1.700000000000000122e-01 1.158121698554779089e+00 8.623555029198660682e-01
1.799999999999999933e-01 1.166745253583977737e+00 8.559342691726339325e-01
1.900000000000000022e-01 1.175304596275704050e+00 8.496550623715465322e-01
2.000000000000000111e-01 1.183801146899419621e+00 8.435127080635552721e-01
2.099999999999999922e-01 1.192236273980055161e+00 8.375022924584657469e-01
2.200000000000000011e-01 1.200611296904639858e+00 8.316191457602726267e-01
2.300000000000000100e-01 1.208927488362242508e+00 8.258588267846135311e-01
2.399999999999999911e-01 1.217186076630088598e+00 8.202171087465695010e-01
2.500000000000000000e-01 1.225388247717554391e+00 8.146899661149089589e-01
2.600000000000000089e-01 1.233535147378703511e+00 8.092735624393834204e-01
2.700000000000000178e-01 1.241627883003097343e+00 8.039642390670006522e-01
2.800000000000000266e-01 1.249667525393767242e+00 7.987585046714806847e-01
2.899999999999999800e-01 1.257655110440482060e+00 7.936530255274660828e-01
2.999999999999999889e-01 1.265591640695756803e+00 7.886446164676222947e-01
3.099999999999999978e-01 1.273478086860432956e+00 7.837302324666229891e-01
3.200000000000000067e-01 1.281315389185099241e+00 7.789069608012543222e-01
3.300000000000000155e-01 1.289104458793111752e+00 7.741720137405583291e-01
3.400000000000000244e-01 1.296846178930517235e+00 7.695227217241438211e-01
3.500000000000000333e-01 1.304541406147758709e+00 7.649565269905627130e-01
3.599999999999999867e-01 1.312190971417664276e+00 7.604709776210458738e-01
3.699999999999999956e-01 1.319795681193874692e+00 7.560637219669461562e-01
3.800000000000000044e-01 1.327356318413544178e+00 7.517325034319876087e-01
3.900000000000000133e-01 1.334873643447864078e+00 7.474751555829071137e-01
4.000000000000000222e-01 1.342348395003693184e+00 7.432895975643176723e-01
4.100000000000000311e-01 1.349781290979336301e+00 7.391738297956542691e-01
4.199999999999999845e-01 1.357173029277292775e+00 7.351259299299037764e-01
4.299999999999999933e-01 1.364524288576591804e+00 7.311440490554873550e-01
4.400000000000000022e-01 1.371835729067146570e+00 7.272264081241787137e-01
4.500000000000000111e-01 1.379107993148388278e+00 7.233712945893182589e-01
4.600000000000000200e-01 1.386341706094281534e+00 7.195770592398351706e-01
4.700000000000000289e-01 1.393537476686679932e+00 7.158421132167294143e-01
4.799999999999999822e-01 1.400695897818847291e+00 7.121649251997055341e-01
4.899999999999999911e-01 1.407817547070844277e+00 7.085440187525996469e-01
5.000000000000000000e-01 1.414902987258370270e+00 7.049779698171062536e-01
5.100000000000000089e-01 1.421952766956541270e+00 7.014654043451055143e-01
5.200000000000000178e-01 1.428967420999992299e+00 6.980049960606151682e-01
5.300000000000000266e-01 1.435947470960598382e+00 6.945954643430576336e-01
5.400000000000000355e-01 1.442893425604028890e+00 6.912355722241405598e-01
5.500000000000000444e-01 1.449805781326270360e+00 6.879241244912075448e-01
5.600000000000000533e-01 1.456685022571182486e+00 6.846599658904322094e-01
5.700000000000000622e-01 1.463531622230086704e+00 6.814419794236963313e-01
5.799999999999999600e-01 1.470346042024323729e+00 6.782690847334312823e-01
5.899999999999999689e-01 1.477128732871658023e+00 6.751402365700985841e-01
5.999999999999999778e-01 1.483880135237358955e+00 6.720544233373562104e-01
6.099999999999999867e-01 1.490600679470732493e+00 6.690106657102952159e-01
6.199999999999999956e-01 1.497290786127835505e+00 6.660080153224458011e-01
6.300000000000000044e-01 1.503950866281059895e+00 6.630455535175424631e-01
6.400000000000000133e-01 1.510581321816235389e+00 6.601223901623027857e-01
6.500000000000000222e-01 1.517182545717858488e+00 6.572376625167255515e-01
6.600000000000000311e-01 1.523754922343025786e+00 6.543905341586407909e-01
6.700000000000000400e-01 1.530298827684612117e+00 6.515801939594573211e-01
6.800000000000000488e-01 1.536814629624206674e+00 6.488058551082499514e-01
6.900000000000000577e-01 1.543302688175289150e+00 6.460667541815123815e-01
7.000000000000000666e-01 1.549763355717104218e+00 6.433621502560689098e-01
7.099999999999999645e-01 1.556196977219664879e+00 6.406913240627977180e-01
7.199999999999999734e-01 1.562603890460292799e+00 6.380535771789634936e-01
7.299999999999999822e-01 1.568984426232082452e+00 6.354482312570935987e-01
7.399999999999999911e-01 1.575338908544653416e+00 6.328746272884584467e-01
7.500000000000000000e-01 1.581667654817537905e+00 6.303321248993343229e-01
7.600000000000000089e-01 1.587970976066531259e+00 6.278201016783375721e-01
7.700000000000000178e-01 1.594249177083314706e+00 6.253379525332206645e-01
7.800000000000000266e-01 1.600502556608646820e+00 6.228850890756156833e-01
7.900000000000000355e-01 1.606731407499403019e+00 6.204609390323014839e-01
8.000000000000000444e-01 1.612936016889725988e+00 6.180649456816518228e-01
8.100000000000000533e-01 1.619116666346542610e+00 6.156965673140021300e-01
8.200000000000000622e-01 1.625273632019682557e+00 6.133552767147421036e-01
8.300000000000000711e-01 1.631407184786829889e+00 6.110405606690119118e-01
8.399999999999999689e-01 1.637517590393519962e+00 6.087519194869425165e-01
8.499999999999999778e-01 1.643605109588389457e+00 6.064888665484395869e-01
8.599999999999999867e-01 1.649669998253873837e+00 6.042509278665665340e-01
8.699999999999999956e-01 1.655712507532539401e+00 6.020376416686356036e-01
8.800000000000000044e-01 1.661732883949225803e+00 5.998485579941631451e-01
8.900000000000000133e-01 1.667731369529167340e+00 5.976832383088925837e-01
9.000000000000000222e-01 1.673708201912256222e+00 5.955412551341306981e-01
9.100000000000000311e-01 1.679663614463597465e+00 5.934221916906851080e-01
9.200000000000000400e-01 1.685597836380504422e+00 5.913256415567260671e-01
9.300000000000000488e-01 1.691511092796071702e+00 5.892512083389348509e-01
9.400000000000000577e-01 1.697403604879460959e+00 5.871985053563316681e-01
9.500000000000000666e-01 1.703275589933024303e+00 5.851671553362096656e-01
9.599999999999999645e-01 1.709127261486386384e+00 5.831567901216307970e-01
9.699999999999999734e-01 1.714958829387602801e+00 5.811670503899667439e-01
9.799999999999999822e-01 1.720770499891502547e+00 5.791975853819957276e-01
9.899999999999999911e-01 1.726562475745322400e+00 5.772480526410899149e-01
1.000000000000000000e+00 1.732334956271733395e+00 5.753181177620517728e-01
1.010000000000000009e+00 1.738088137449353976e+00 5.734074541491809285e-01
1.020000000000000018e+00 1.743822211990845750e+00 5.715157427831718540e-01
1.030000000000000027e+00 1.749537369418677546e+00 5.696426719964653440e-01
1.040000000000000036e+00 1.755233796138642166e+00 5.677879372566918548e-01
1.050000000000000044e+00 1.760911675511209085e+00 5.659512409578658643e-01
1.060000000000000053e+00 1.766571187920787711e+00 5.641322922190044054e-01
1.070000000000000062e+00 1.772212510842977817e+00 5.623308066898600188e-01
1.080000000000000071e+00 1.777835818909876409e+00 5.605465063634728073e-01
1.090000000000000080e+00 1.783441283973511204e+00 5.587791193952601487e-01
1.100000000000000089e+00 1.789029075167463789e+00 5.570283799283768378e-01
1.110000000000000098e+00 1.794599358966747493e+00 5.552940279250893063e-01
1.120000000000000107e+00 1.800152299245998400e+00 5.535758090039212265e-01
1.130000000000000115e+00 1.805688057336037655e+00 5.518734742823384609e-01
1.140000000000000124e+00 1.811206792078861039e+00 5.501867802247514261e-01
1.150000000000000133e+00 1.816708659881108634e+00 5.485154884956240373e-01
1.159999999999999920e+00 1.822193814766064790e+00 5.468593658174876193e-01
1.169999999999999929e+00 1.827662408424239660e+00 5.452181838336671582e-01
1.179999999999999938e+00 1.833114590262576282e+00 5.435917189755362644e-01
1.189999999999999947e+00 1.838550507452331617e+00 5.419797523341248757e-01
1.199999999999999956e+00 1.843970304975672825e+00 5.403820695359122794e-01
1.209999999999999964e+00 1.849374125671031877e+00 5.387984606226452478e-01
1.219999999999999973e+00 1.854762110277258236e+00 5.372287199350275211e-01
1.229999999999999982e+00 1.860134397476608470e+00 5.356726460001340895e-01
1.239999999999999991e+00 1.865491123936609874e+00 5.341300414224108284e-01
1.250000000000000000e+00 1.870832424350834078e+00 5.326007127781240413e-01
1.260000000000000009e+00 1.876158431478615274e+00 5.310844705131323451e-01
1.270000000000000018e+00 1.881469276183746597e+00 5.295811288438579956e-01
1.280000000000000027e+00 1.886765087472185076e+00 5.280905056613397486e-01
1.290000000000000036e+00 1.892045992528798459e+00 5.266124224382540131e-01
1.300000000000000044e+00 1.897312116753181011e+00 5.251467041387974932e-01
1.310000000000000053e+00 1.902563583794568913e+00 5.236931791313265139e-01
1.320000000000000062e+00 1.907800515585882151e+00 5.222516791036549977e-01
1.330000000000000071e+00 1.913023032376918620e+00 5.208220389809148365e-01
1.340000000000000080e+00 1.918231252766727790e+00 5.194040968458888408e-01
1.350000000000000089e+00 1.923425293735186781e+00 5.179976938617273374e-01
1.360000000000000098e+00 1.928605270673804162e+00 5.166026741969655944e-01
1.370000000000000107e+00 1.933771297415773915e+00 5.152188849527610248e-01
1.380000000000000115e+00 1.938923486265301532e+00 5.138461760922732324e-01
1.390000000000000124e+00 1.944061948026224229e+00 5.124844003721119590e-01
1.400000000000000133e+00 1.949186792029945270e+00 5.111334132757829884e-01
1.409999999999999920e+00 1.954298126162703042e+00 5.097930729490620649e-01
1.419999999999999929e+00 1.959396056892193760e+00 5.084632401372323196e-01
1.429999999999999938e+00 1.964480689293566007e+00 5.071437781241213694e-01
1.439999999999999947e+00 1.969552127074807313e+00 5.058345526728775798e-01
1.449999999999999956e+00 1.974610472601536104e+00 5.045354319684269839e-01
1.459999999999999964e+00 1.979655826921220330e+00 5.032462865615550118e-01
1.469999999999999973e+00 1.984688289786835869e+00 5.019669893145589645e-01
1.479999999999999982e+00 1.989707959679981375e+00 5.006974153484194945e-01
1.489999999999999991e+00 1.994714933833465542e+00 4.994374419914404672e-01
1.500000000000000000e+00 1.999709308253379891e+00 4.981869487293101306e-01
1.510000000000000009e+00 2.004691177740673069e+00 4.969458171565366844e-01
1.520000000000000018e+00 2.009660635912238646e+00 4.957139309292141194e-01
1.530000000000000027e+00 2.014617775221530849e+00 4.944911757190751378e-01
1.540000000000000036e+00 2.019562686978721544e+00 4.932774391687900772e-01
1.550000000000000044e+00 2.024495461370409366e+00 4.920726108484722028e-01
1.560000000000000053e+00 2.029416187478894074e+00 4.908765822133507872e-01
1.570000000000000062e+00 2.034324953301027694e+00 4.896892465625752866e-01
1.580000000000000071e+00 2.039221845766653551e+00 4.885104989991149171e-01
1.590000000000000080e+00 2.044106950756644725e+00 4.873402363907195500e-01
1.600000000000000089e+00 2.048980353120551712e+00 4.861783573319087837e-01
1.610000000000000098e+00 2.053842136693870835e+00 4.850247621069571635e-01
1.620000000000000107e+00 2.058692384314940504e+00 4.838793526538450740e-01
1.630000000000000115e+00 2.063531177841479103e+00 4.827420325291455483e-01
1.640000000000000124e+00 2.068358598166770701e+00 4.816127068738184636e-01
1.650000000000000133e+00 2.073174725235508831e+00 4.804912823798844212e-01
1.660000000000000142e+00 2.077979638059307632e+00 4.793776672579518339e-01
1.669999999999999929e+00 2.082773414731887041e+00 4.782717712055714054e-01
1.679999999999999938e+00 2.087556132443942669e+00 4.771735053763930257e-01
1.689999999999999947e+00 2.092327867497706606e+00 4.760827823501018741e-01
1.699999999999999956e+00 2.097088695321207563e+00 4.749995161031093094e-01
1.709999999999999964e+00 2.101838690482238814e+00 4.739236219799776717e-01
1.719999999999999973e+00 2.106577926702038805e+00 4.728550166655560716e-01
1.729999999999999982e+00 2.111306476868694215e+00 4.717936181578074040e-01
1.739999999999999991e+00 2.116024413050272113e+00 4.707393457413055482e-01
1.750000000000000000e+00 2.120731806507685224e+00 4.696921199613840470e-01
1.760000000000000009e+00 2.125428727707299181e+00 4.686518625989167242e-01
1.770000000000000018e+00 2.130115246333288415e+00 4.676184966457127556e-01
1.780000000000000027e+00 2.134791431299745579e+00 4.665919462805078743e-01
1.790000000000000036e+00 2.139457350762550725e+00 4.655721368455351672e-01
1.800000000000000044e+00 2.144113072131005993e+00 4.645589948236590883e-01
1.810000000000000053e+00 2.148758662079242487e+00 4.635524478160562012e-01
1.820000000000000062e+00 2.153394186557402890e+00 4.625524245204277740e-01
1.830000000000000071e+00 2.158019710802607349e+00 4.615588547097291827e-01
1.840000000000000080e+00 2.162635299349704443e+00 4.605716692114015243e-01
1.850000000000000089e+00 2.167241016041818291e+00 4.595907998870916722e-01
1.860000000000000098e+00 2.171836924040689176e+00 4.586161796128471746e-01
1.870000000000000107e+00 2.176423085836817428e+00 4.576477422597729494e-01
1.880000000000000115e+00 2.180999563259415019e+00 4.566854226751369539e-01
1.890000000000000124e+00 2.185566417486166202e+00 4.557291566639127822e-01
1.900000000000000133e+00 2.190123709052805179e+00 4.547788809707472568e-01
1.910000000000000142e+00 2.194671497862512588e+00 4.538345332623410777e-01
1.919999999999999929e+00 2.199209843195136127e+00 4.528960521102322057e-01
1.929999999999999938e+00 2.203738803716238426e+00 4.519633769739703766e-01
1.939999999999999947e+00 2.208258437485977943e+00 4.510364481846726448e-01
1.949999999999999956e+00 2.212768801967824661e+00 4.501152069289496849e-01
1.959999999999999964e+00 2.217269954037114132e+00 4.491995952331931385e-01
1.969999999999999973e+00 2.221761949989446094e+00 4.482895559482144576e-01
1.979999999999999982e+00 2.226244845548928097e+00 4.473850327342256405e-01
1.989999999999999991e+00 2.230718695876270363e+00 4.464859700461534797e-01
2.000000000000000000e+00 2.235183555576731873e+00 4.455923131192779385e-01
2.010000000000000231e+00 2.239639478707924791e+00 4.447040079551870528e-01
2.020000000000000018e+00 2.244086518787476781e+00 4.438210013080390870e-01
2.030000000000000249e+00 2.248524728800556982e+00 4.429432406711252268e-01
2.040000000000000036e+00 2.252954161207268324e+00 4.420706742637239839e-01
2.049999999999999822e+00 2.257374867949905717e+00 4.412032510182405387e-01
2.060000000000000053e+00 2.261786900460088123e+00 4.403409205676235838e-01
2.069999999999999840e+00 2.266190309665764513e+00 4.394836332330523954e-01
2.080000000000000071e+00 2.270585145998095022e+00 4.386313400118876937e-01
2.089999999999999858e+00 2.274971459398213991e+00 4.377839925658792430e-01
2.100000000000000089e+00 2.279349299323872646e+00 4.369415432096239171e-01
2.109999999999999876e+00 2.283718714755968993e+00 4.361039448992682366e-01
2.120000000000000107e+00 2.288079754204961791e+00 4.352711512214486600e-01
2.129999999999999893e+00 2.292432465717176182e+00 4.344431163824643005e-01
2.140000000000000124e+00 2.296776896881000951e+00 4.336197951976761278e-01
2.149999999999999911e+00 2.301113094832977879e+00 4.328011430811269933e-01
2.160000000000000142e+00 2.305441106263788953e+00 4.319871160353770945e-01
2.169999999999999929e+00 2.309760977424142769e+00 4.311776706415496596e-01
2.180000000000000160e+00 2.314072754130558351e+00 4.303727640495818574e-01
2.189999999999999947e+00 2.318376481771054376e+00 4.295723539686755466e-01
2.200000000000000178e+00 2.322672205310741145e+00 4.287763986579435360e-01
2.209999999999999964e+00 2.326959969297320630e+00 4.279848569172463035e-01
2.220000000000000195e+00 2.331239817866493258e+00 4.271976880782147323e-01
2.229999999999999982e+00 2.335511794747275438e+00 4.264148519954543137e-01
2.240000000000000213e+00 2.339775943267230041e+00 4.256363090379267633e-01
2.250000000000000000e+00 2.344032306357609396e+00 4.248620200805043878e-01
2.260000000000000231e+00 2.348280926558414361e+00 4.240919464956937057e-01
2.270000000000000018e+00 2.352521846023371221e+00 4.233260501455236580e-01
2.280000000000000249e+00 2.356755106524826449e+00 4.225642933735951345e-01
2.290000000000000036e+00 2.360980749458562400e+00 4.218066389972877639e-01
2.300000000000000266e+00 2.365198815848535308e+00 4.210530503001203018e-01
2.310000000000000053e+00 2.369409346351536438e+00 4.203034910242611222e-01
2.319999999999999840e+00 2.373612381261779092e+00 4.195579253631853134e-01
2.330000000000000071e+00 2.377807960515410990e+00 4.188163179544748815e-01
2.339999999999999858e+00 2.381996123694955614e+00 4.180786338727590090e-01
2.350000000000000089e+00 2.386176910033683374e+00 4.173448386227912033e-01
2.359999999999999876e+00 2.390350358419911281e+00 4.166148981326595613e-01
2.370000000000000107e+00 2.394516507401237781e+00 4.158887787471280406e-01
2.379999999999999893e+00 2.398675395188709203e+00 4.151664472211052948e-01
2.390000000000000124e+00 2.402827059660920472e+00 4.144478707132379647e-01
2.399999999999999911e+00 2.406971538368052776e+00 4.137330167796262059e-01
2.410000000000000142e+00 2.411108868535849048e+00 4.130218533676581760e-01
2.419999999999999929e+00 2.415239087069525503e+00 4.123143488099612619e-01
2.430000000000000160e+00 2.419362230557625004e+00 4.116104718184669942e-01
2.439999999999999947e+00 2.423478335275809581e+00 4.109101914785875942e-01
2.450000000000000178e+00 2.427587437190595665e+00 4.102134772435013788e-01
2.459999999999999964e+00 2.431689571963030705e+00 4.095202989285445794e-01
2.470000000000000195e+00 2.435784774952316045e+00 4.088306267057075782e-01
2.479999999999999982e+00 2.439873081219372963e+00 4.081444310982329515e-01
2.490000000000000213e+00 2.443954525530355415e+00 4.074616829753131553e-01
2.500000000000000000e+00 2.448029142360108601e+00 4.067823535468859109e-01
2.510000000000000231e+00 2.452096965895577352e+00 4.061064143585247366e-01
2.520000000000000018e+00 2.456158030039162554e+00 4.054338372864230711e-01
2.530000000000000249e+00 2.460212368412026951e+00 4.047645945324697681e-01
2.540000000000000036e+00 2.464260014357351647e+00 4.040986586194136865e-01
2.550000000000000266e+00 2.468301000943545986e+00 4.034360023861160438e-01
2.560000000000000053e+00 2.472335360967407247e+00 4.027765989828882010e-01
2.569999999999999840e+00 2.476363126957235927e+00 4.021204218669133801e-01
2.580000000000000071e+00 2.480384331175904844e+00 4.014674447977502059e-01
2.589999999999999858e+00 2.484399005623882495e+00 4.008176418329168489e-01
2.600000000000000089e+00 2.488407182042211563e+00 4.001709873235532733e-01
2.609999999999999876e+00 2.492408891915447011e+00 3.995274559101610334e-01
2.620000000000000107e+00 2.496404166474548436e+00 3.988870225184177887e-01
2.629999999999999893e+00 2.500393036699732452e+00 3.982496623550660919e-01
2.640000000000000124e+00 2.504375533323283332e+00 3.976153509038741207e-01
2.649999999999999911e+00 2.508351686832321903e+00 3.969840639216673517e-01
2.660000000000000142e+00 2.512321527471538474e+00 3.963557774344292350e-01
2.669999999999999929e+00 2.516285085245882680e+00 3.957304677334700926e-01
2.680000000000000160e+00 2.520242389923217363e+00 3.951081113716620186e-01
2.689999999999999947e+00 2.524193471036933811e+00 3.944886851597394495e-01
2.700000000000000178e+00 2.528138357888531029e+00 3.938721661626630177e-01
2.709999999999999964e+00 2.532077079550157706e+00 3.932585316960461319e-01
2.720000000000000195e+00 2.536009664867118207e+00 3.926477593226426754e-01
2.729999999999999982e+00 2.539936142460344826e+00 3.920398268488948790e-01
2.740000000000000213e+00 2.543856540728833604e+00 3.914347123215397573e-01
2.750000000000000000e+00 2.547770887852049082e+00 3.908323940242731109e-01
2.760000000000000231e+00 2.551679211792291735e+00 3.902328504744701498e-01
2.770000000000000018e+00 2.555581540297036547e+00 3.896360604199614053e-01
2.780000000000000249e+00 2.559477900901236058e+00 3.890420028358627658e-01
2.790000000000000036e+00 2.563368320929594546e+00 3.884506569214586924e-01
2.800000000000000266e+00 2.567252827498809342e+00 3.878620020971375593e-01
2.810000000000000053e+00 2.571131447519780622e+00 3.872760180013780085e-01
2.819999999999999840e+00 2.575004207699794545e+00 3.866926844877854319e-01
2.830000000000000071e+00 2.578871134544672206e+00 3.861119816221775247e-01
2.839999999999999858e+00 2.582732254360894153e+00 3.855338896797178561e-01
2.850000000000000089e+00 2.586587593257691164e+00 3.849583891420969017e-01
2.859999999999999876e+00 2.590437177149111925e+00 3.843854606947589292e-01
2.870000000000000107e+00 2.594281031756059619e+00 3.838150852241747346e-01
2.879999999999999893e+00 2.598119182608301436e+00 3.832472438151585115e-01
2.890000000000000124e+00 2.601951655046453205e+00 3.826819177482285728e-01
2.899999999999999911e+00 2.605778474223935604e+00 3.821190884970108170e-01
2.910000000000000142e+00 2.609599665108905509e+00 3.815587377256841051e-01
2.919999999999999929e+00 2.613415252486162466e+00 3.810008472864671036e-01
2.930000000000000160e+00 2.617225260959027189e+00 3.804453992171450971e-01
2.939999999999999947e+00 2.621029714951198741e+00 3.798923757386369338e-01
2.950000000000000178e+00 2.624828638708585071e+00 3.793417592526004967e-01
2.959999999999999964e+00 2.628622056301110899e+00 3.787935323390765330e-01
2.970000000000000195e+00 2.632409991624501622e+00 3.782476777541697310e-01
2.979999999999999982e+00 2.636192468402043243e+00 3.777041784277668235e-01
2.990000000000000213e+00 2.639969510186320978e+00 3.771630174612905506e-01
3.000000000000000000e+00 2.643741140360933883e+00 3.766241781254890397e-01
3.010000000000000231e+00 2.647507382142188614e+00 3.760876438582599346e-01
3.020000000000000018e+00 2.651268258580771420e+00 3.755533982625086087e-01
3.030000000000000249e+00 2.655023792563396601e+00 3.750214251040398517e-01
3.040000000000000036e+00 2.658774006814437207e+00 3.744917083094823074e-01
3.050000000000000266e+00 2.662518923897532197e+00 3.739642319642453305e-01
3.060000000000000053e+00 2.666258566217174497e+00 3.734389803105072625e-01
3.070000000000000284e+00 2.669992956020279529e+00 3.729159377452349600e-01
3.080000000000000071e+00 2.673722115397731969e+00 3.723950888182336882e-01
3.089999999999999858e+00 2.677446066285914306e+00 3.718764182302271570e-01
3.100000000000000089e+00 2.681164830468216742e+00 3.713599108309666996e-01
3.109999999999999876e+00 2.684878429576526226e+00 3.708455516173695954e-01
3.120000000000000107e+00 2.688586885092699941e+00 3.703333257316855365e-01
3.129999999999999893e+00 2.692290218350016584e+00 3.698232184596910166e-01
3.140000000000000124e+00 2.695988450534613445e+00 3.693152152289111423e-01
3.149999999999999911e+00 2.699681602686902604e+00 3.688093016068682561e-01
3.160000000000000142e+00 2.703369695702971143e+00 3.683054632993568722e-01
3.169999999999999929e+00 2.707052750335964930e+00 3.678036861487445353e-01
3.180000000000000160e+00 2.710730787197452418e+00 3.673039561322983815e-01
3.189999999999999947e+00 2.714403826758775562e+00 3.668062593605362354e-01
3.200000000000000178e+00 2.718071889352380754e+00 3.663105820756027975e-01
3.209999999999999964e+00 2.721734995173136884e+00 3.658169106496695355e-01
3.220000000000000195e+00 2.725393164279633407e+00 3.653252315833585562e-01
3.229999999999999982e+00 2.729046416595466873e+00 3.648355315041895697e-01
3.240000000000000213e+00 2.732694771910508802e+00 3.643477971650500025e-01
3.250000000000000000e+00 2.736338249882159346e+00 3.638620154426873143e-01
3.260000000000000231e+00 2.739976870036586298e+00 3.633781733362236310e-01
3.270000000000000018e+00 2.743610651769948561e+00 3.628962579656920262e-01
3.280000000000000249e+00 2.747239614349605397e+00 3.624162565705941197e-01
3.290000000000000036e+00 2.750863776915311476e+00 3.619381565084787145e-01
3.300000000000000266e+00 2.754483158480396376e+00 3.614619452535409727e-01
3.310000000000000053e+00 2.758097777932931649e+00 3.609876103952419646e-01
3.320000000000000284e+00 2.761707654036884119e+00 3.605151396369480898e-01
3.330000000000000071e+00 2.765312805433253640e+00 3.600445207945899284e-01
3.339999999999999858e+00 2.768913250641199753e+00 3.595757417953406865e-01
3.350000000000000089e+00 2.772509008059153235e+00 3.591087906763132942e-01
3.359999999999999876e+00 2.776100095965916559e+00 3.586436555832760997e-01
3.370000000000000107e+00 2.779686532521749243e+00 3.581803247693870484e-01
3.379999999999999893e+00 2.783268335769442992e+00 3.577187865939456812e-01
3.390000000000000124e+00 2.786845523635382627e+00 3.572590295211628963e-01
3.399999999999999911e+00 2.790418113930594135e+00 3.568010421189479753e-01
3.410000000000000142e+00 2.793986124351783396e+00 3.563448130577129835e-01
3.419999999999999929e+00 2.797549572482360691e+00 3.558903311091936583e-01
3.430000000000000160e+00 2.801108475793452790e+00 3.554375851452870050e-01
3.439999999999999947e+00 2.804662851644905697e+00 3.549865641369052138e-01
3.450000000000000178e+00 2.808212717286274529e+00 3.545372571528453975e-01
3.459999999999999964e+00 2.811758089857803178e+00 3.540896533586750938e-01
3.470000000000000195e+00 2.815298986391389757e+00 3.536437420156334777e-01
3.479999999999999982e+00 2.818835423811546281e+00 3.531995124795473950e-01
3.490000000000000213e+00 2.822367418936341910e+00 3.527569541997628288e-01
3.500000000000000000e+00 2.825894988478339531e+00 3.523160567180905201e-01
3.510000000000000231e+00 2.829418149045520359e+00 3.518768096677667434e-01
3.520000000000000018e+00 2.832936917142197863e+00 3.514392027724277390e-01
3.530000000000000249e+00 2.836451309169921942e+00 3.510032258450985210e-01
3.540000000000000036e+00 2.839961341428372865e+00 3.505688687871953424e-01
3.550000000000000266e+00 2.843467030116245020e+00 3.501361215875418154e-01
3.560000000000000053e+00 2.846968391332120429e+00 3.497049743213983541e-01
3.570000000000000284e+00 2.850465441075334283e+00 3.492754171495046633e-01
3.580000000000000071e+00 2.853958195246829366e+00 3.488474403171353821e-01
3.589999999999999858e+00 2.857446669650000715e+00 3.484210341531681077e-01
3.600000000000000089e+00 2.860930879991532283e+00 3.479961890691643522e-01
3.609999999999999876e+00 2.864410841882223835e+00 3.475728955584626023e-01
3.620000000000000107e+00 2.867886570837808513e+00 3.471511441952834787e-01
3.629999999999999893e+00 2.871358082279761526e+00 3.467309256338468315e-01
3.640000000000000124e+00 2.874825391536099950e+00 3.463122306075007706e-01
3.649999999999999911e+00 2.878288513842174989e+00 3.458950499278621304e-01
3.660000000000000142e+00 2.881747464341453568e+00 3.454793744839682601e-01
3.669999999999999929e+00 2.885202258086293270e+00 3.450651952414401369e-01
3.680000000000000160e+00 2.888652910038707500e+00 3.446525032416564160e-01
3.689999999999999947e+00 2.892099435071123992e+00 3.442412896009385270e-01
3.700000000000000178e+00 2.895541847967133542e+00 3.438315455097461504e-01
3.709999999999999964e+00 2.898980163422231193e+00 3.434232622318835748e-01
3.720000000000000195e+00 2.902414396044549871e+00 3.430164311037162128e-01
3.729999999999999982e+00 2.905844560355586914e+00 3.426110435333972193e-01
3.740000000000000213e+00 2.909270670790920832e+00 3.422070910001045463e-01
3.750000000000000000e+00 2.912692741700921850e+00 3.418045650532873792e-01
3.760000000000000231e+00 2.916110787351454903e+00 3.414034573119227867e-01
3.770000000000000018e+00 2.919524821924574187e+00 3.410037594637816971e-01
3.780000000000000249e+00 2.922934859519211948e+00 3.406054632647044222e-01
3.790000000000000036e+00 2.926340914151858819e+00 3.402085605378853961e-01
3.800000000000000266e+00 2.929742999757237509e+00 3.398130431731671286e-01
3.810000000000000053e+00 2.933141130188969381e+00 3.394189031263433187e-01
3.820000000000000284e+00 2.936535319220233031e+00 3.390261324184706271e-01
3.830000000000000071e+00 2.939925580544417549e+00 3.386347231351893305e-01
3.839999999999999858e+00 2.943311927775769554e+00 3.382446674260525810e-01
3.850000000000000089e+00 2.946694374450030018e+00 3.378559575038642682e-01
3.859999999999999876e+00 2.950072934025068871e+00 3.374685856440250431e-01
3.870000000000000107e+00 2.953447619881508945e+00 3.370825441838866676e-01
3.879999999999999893e+00 2.956818445323347699e+00 3.366978255221145799e-01
3.890000000000000124e+00 2.960185423578568731e+00 3.363144221180583426e-01
3.899999999999999911e+00 2.963548567799749289e+00 3.359323264911301399e-01
3.910000000000000142e+00 2.966907891064660685e+00 3.355515312201907130e-01
3.919999999999999929e+00 2.970263406376862481e+00 3.351720289429433453e-01
3.930000000000000160e+00 2.973615126666291797e+00 3.347938123553351741e-01
3.939999999999999947e+00 2.976963064789845070e+00 3.344168742109658310e-01
3.950000000000000178e+00 2.980307233531954925e+00 3.340412073205036858e-01
3.959999999999999964e+00 2.983647645605159937e+00 3.336668045511089753e-01
3.970000000000000195e+00 2.986984313650670853e+00 3.332936588258644250e-01
3.979999999999999982e+00 2.990317250238929692e+00 3.329217631232125330e-01
3.990000000000000213e+00 2.993646467870161754e+00 3.325511104763998471e-01
4.000000000000000000e+00 2.996971978974925843e+00 3.321816939729281826e-01
4.009999999999999787e+00 3.000293795914655171e+00 3.318135067540124439e-01
4.020000000000000462e+00 3.003611930982195144e+00 3.314465420140449425e-01
4.030000000000000249e+00 3.006926396402335389e+00 3.310807930000664867e-01
4.040000000000000036e+00 3.010237204332335992e+00 3.307162530112436882e-01
4.049999999999999822e+00 3.013544366862448420e+00 3.303529153983526534e-01
4.060000000000000497e+00 3.016847896016431996e+00 3.299907735632688910e-01
4.070000000000000284e+00 3.020147803752064597e+00 3.296298209584634931e-01
4.080000000000000071e+00 3.023444101961649366e+00 3.292700510865051444e-01
4.089999999999999858e+00 3.026736802472514309e+00 3.289114574995684048e-01
4.099999999999999645e+00 3.030025917047510120e+00 3.285540337989475979e-01
4.110000000000000320e+00 3.033311457385499565e+00 3.281977736345766394e-01
4.120000000000000107e+00 3.036593435121845541e+00 3.278426707045546395e-01
4.129999999999999893e+00 3.039871861828891131e+00 3.274887187546769995e-01
4.139999999999999680e+00 3.043146749016437891e+00 3.271359115779723381e-01
4.150000000000000355e+00 3.046418108132217473e+00 3.267842430142445243e-01
4.160000000000000142e+00 3.049685950562360137e+00 3.264337069496205390e-01
4.169999999999999929e+00 3.052950287631856163e+00 3.260842973161032776e-01
4.179999999999999716e+00 3.056211130605017257e+00 3.257360080911299582e-01
4.190000000000000391e+00 3.059468490685928632e+00 3.253888332971354713e-01
4.200000000000000178e+00 3.062722379018899765e+00 3.250427670011210024e-01
4.209999999999999964e+00 3.065972806688911145e+00 3.246978033142275399e-01
4.219999999999999751e+00 3.069219784722053479e+00 3.243539363913146012e-01
4.230000000000000426e+00 3.072463324085966452e+00 3.240111604305436210e-01
4.240000000000000213e+00 3.075703435690271714e+00 3.236694696729662812e-01
4.250000000000000000e+00 3.078940130387001428e+00 3.233288584021177248e-01
4.259999999999999787e+00 3.082173418971022816e+00 3.229893209436141555e-01
4.270000000000000462e+00 3.085403312180459157e+00 3.226508516647556002e-01
4.280000000000000249e+00 3.088629820697106787e+00 3.223134449741326679e-01
4.290000000000000036e+00 3.091852955146848103e+00 3.219770953212381936e-01
4.299999999999999822e+00 3.095072726100060567e+00 3.216417971960834343e-01
4.310000000000000497e+00 3.098289144072021273e+00 3.213075451288181505e-01
4.320000000000000284e+00 3.101502219523309289e+00 3.209743336893557397e-01
4.330000000000000071e+00 3.104711962860202679e+00 3.206421574870019220e-01
4.339999999999999858e+00 3.107918384435072845e+00 3.203110111700882001e-01
4.350000000000000533e+00 3.111121494546773558e+00 3.199808894256092051e-01
4.360000000000000320e+00 3.114321303441029531e+00 3.196517869788643162e-01
4.370000000000000107e+00 3.117517821310818338e+00 3.193236985931030558e-01
4.379999999999999893e+00 3.120711058296749218e+00 3.189966190691749248e-01
4.389999999999999680e+00 3.123901024487441003e+00 3.186705432451827358e-01
4.400000000000000355e+00 3.127087729919892922e+00 3.183454659961401090e-01
4.410000000000000142e+00 3.130271184579854538e+00 3.180213822336327434e-01
4.419999999999999929e+00 3.133451398402190780e+00 3.176982869054835179e-01
4.429999999999999716e+00 3.136628381271245658e+00 3.173761749954212008e-01
4.440000000000000391e+00 3.139802143021199754e+00 3.170550415227529895e-01
4.450000000000000178e+00 3.142972693436427267e+00 3.167348815420407138e-01
4.459999999999999964e+00 3.146140042251847735e+00 3.164156901427805368e-01
4.469999999999999751e+00 3.149304199153275530e+00 3.160974624490861529e-01
4.480000000000000426e+00 3.152465173777766250e+00 3.157801936193757042e-01
4.490000000000000213e+00 3.155622975713959999e+00 3.154638788460619736e-01
4.500000000000000000e+00 3.158777614502420672e+00 3.151485133552460738e-01
4.509999999999999787e+00 3.161929099635973017e+00 3.148340924064143564e-01
4.520000000000000462e+00 3.165077440560037036e+00 3.145206112921389296e-01
4.530000000000000249e+00 3.168222646672958387e+00 3.142080653377812283e-01
4.540000000000000036e+00 3.171364727326336119e+00 3.138964499011988596e-01
4.549999999999999822e+00 3.174503691825348195e+00 3.135857603724556686e-01
4.560000000000000497e+00 3.177639549429072563e+00 3.132759921735350228e-01
4.570000000000000284e+00 3.180772309350807792e+00 3.129671407580560394e-01
4.580000000000000071e+00 3.183901980758388373e+00 3.126592016109931427e-01
4.589999999999999858e+00 3.187028572774498247e+00 3.123521702483984530e-01
4.600000000000000533e+00 3.190152094476982114e+00 3.120460422171271730e-01
4.610000000000000320e+00 3.193272554899153182e+00 3.117408130945660272e-01
4.620000000000000107e+00 3.196389963030098702e+00 3.114364784883647541e-01
4.629999999999999893e+00 3.199504327814982396e+00 3.111330340361700419e-01
4.639999999999999680e+00 3.202615658155344214e+00 3.108304754053627939e-01
4.650000000000000355e+00 3.205723962909397873e+00 3.105287982927979473e-01
4.660000000000000142e+00 3.208829250892325735e+00 3.102279984245471245e-01
4.669999999999999929e+00 3.211931530876571017e+00 3.099280715556439469e-01
4.679999999999999716e+00 3.215030811592127336e+00 3.096290134698322927e-01
4.690000000000000391e+00 3.218127101726825590e+00 3.093308199793169400e-01
4.700000000000000178e+00 3.221220409926618622e+00 3.090334869245170424e-01
4.709999999999999964e+00 3.224310744795863659e+00 3.087370101738221018e-01
4.719999999999999751e+00 3.227398114897602088e+00 3.084413856233506057e-01
4.730000000000000426e+00 3.230482528753835680e+00 3.081466091967111076e-01
4.740000000000000213e+00 3.233563994845802814e+00 3.078526768447659712e-01
4.750000000000000000e+00 3.236642521614250256e+00 3.075595845453973909e-01
4.759999999999999787e+00 3.239718117459704061e+00 3.072673283032759661e-01
4.770000000000000462e+00 3.242790790742736906e+00 3.069759041496318286e-01
4.780000000000000249e+00 3.245860549784233218e+00 3.066853081420278238e-01
4.790000000000000036e+00 3.248927402865653402e+00 3.063955363641354679e-01
4.799999999999999822e+00 3.251991358229294971e+00 3.061065849255127924e-01
4.810000000000000497e+00 3.255052424078550111e+00 3.058184499613849083e-01
4.820000000000000284e+00 3.258110608578164147e+00 3.055311276324265135e-01
4.830000000000000071e+00 3.261165919854488227e+00 3.052446141245469535e-01
4.839999999999999858e+00 3.264218365995733784e+00 3.049589056486770589e-01
4.850000000000000533e+00 3.267267955052220341e+00 3.046739984405587576e-01
4.860000000000000320e+00 3.270314695036625974e+00 3.043898887605362980e-01
4.870000000000000107e+00 3.273358593924231119e+00 3.041065728933499690e-01
4.879999999999999893e+00 3.276399659653164598e+00 3.038240471479318194e-01
4.889999999999999680e+00 3.279437900124643868e+00 3.035423078572034306e-01
4.900000000000000355e+00 3.282473323203215720e+00 3.032613513778757430e-01
4.910000000000000142e+00 3.285505936716994313e+00 3.029811740902511041e-01
4.919999999999999929e+00 3.288535748457896979e+00 3.027017723980269803e-01
4.929999999999999716e+00 3.291562766181877375e+00 3.024231427281020568e-01
4.940000000000000391e+00 3.294586997609158185e+00 3.021452815303840023e-01
4.950000000000000178e+00 3.297608450424462045e+00 3.018681852775992880e-01
4.959999999999999964e+00 3.300627132277238029e+00 3.015918504651048937e-01
4.969999999999999751e+00 3.303643050781889023e+00 3.013162736107020678e-01
4.980000000000000426e+00 3.306656213517995990e+00 3.010414512544515864e-01
4.990000000000000213e+00 3.309666628030540458e+00 3.007673799584913432e-01
5.000000000000000000e+00 3.312674301830125234e+00 3.004940563068553838e-01
5.009999999999999787e+00 3.315679242393193782e+00 3.002214769052949372e-01
5.020000000000000462e+00 3.318681457162246939e+00 2.999496383811012246e-01
5.030000000000000249e+00 3.321680953546057857e+00 2.996785373829298216e-01
5.040000000000000036e+00 3.324677738919886938e+00 2.994081705806272420e-01
5.049999999999999822e+00 3.327671820625693222e+00 2.991385346650585753e-01
5.060000000000000497e+00 3.330663205972343999e+00 2.988696263479375115e-01
5.070000000000000284e+00 3.333651902235823528e+00 2.986014423616575875e-01
5.080000000000000071e+00 3.336637916659439984e+00 2.983339794591252092e-01
5.089999999999999858e+00 3.339621256454031073e+00 2.980672344135943952e-01
5.100000000000000533e+00 3.342601928798166977e+00 2.978012040185031295e-01
5.110000000000000320e+00 3.345579940838351973e+00 2.975358850873112138e-01
5.120000000000000107e+00 3.348555299689225162e+00 2.972712744533398954e-01
5.129999999999999893e+00 3.351528012433758530e+00 2.970073689696128838e-01
5.139999999999999680e+00 3.354498086123454570e+00 2.967441655086989760e-01
5.150000000000000355e+00 3.357465527778541681e+00 2.964816609625562371e-01
5.160000000000000142e+00 3.360430344388167345e+00 2.962198522423777347e-01
5.169999999999999929e+00 3.363392542910591310e+00 2.959587362784386610e-01
5.179999999999999716e+00 3.366352130273375654e+00 2.956983100199451209e-01
5.190000000000000391e+00 3.369309113373575304e+00 2.954385704348840846e-01
5.200000000000000178e+00 3.372263499077924109e+00 2.951795145098751183e-01
5.209999999999999964e+00 3.375215294223022688e+00 2.949211392500233342e-01
5.219999999999999751e+00 3.378164505615522728e+00 2.946634416787738964e-01
5.230000000000000426e+00 3.381111140032310391e+00 2.944064188377676361e-01
5.240000000000000213e+00 3.384055204220687951e+00 2.941500677866984992e-01
5.250000000000000000e+00 3.386996704898554977e+00 2.938943856031720481e-01
5.259999999999999787e+00 3.389935648754586861e+00 2.936393693825652962e-01
5.270000000000000462e+00 3.392872042448412451e+00 2.933850162378881521e-01
5.280000000000000249e+00 3.395805892610791243e+00 2.931313232996458074e-01
5.290000000000000036e+00 3.398737205843787912e+00 2.928782877157027342e-01
5.299999999999999822e+00 3.401665988720945055e+00 2.926259066511479601e-01
5.310000000000000497e+00 3.404592247787456394e+00 2.923741772881613410e-01
5.320000000000000284e+00 3.407515989560338188e+00 2.921230968258813898e-01
5.330000000000000071e+00 3.410437220528597102e+00 2.918726624802742697e-01
5.339999999999999858e+00 3.413355947153399850e+00 2.916228714840039538e-01
5.350000000000000533e+00 3.416272175868239724e+00 2.913737210863037164e-01
5.360000000000000320e+00 3.419185913079102690e+00 2.911252085528487354e-01
5.370000000000000107e+00 3.422097165164631249e+00 2.908773311656299154e-01
5.379999999999999893e+00 3.425005938476287426e+00 2.906300862228289872e-01
5.389999999999999680e+00 3.427912239338515743e+00 2.903834710386945517e-01
5.400000000000000355e+00 3.430816074048902653e+00 2.901374829434195113e-01
5.410000000000000142e+00 3.433717448878336853e+00 2.898921192830196114e-01
5.419999999999999929e+00 3.436616370071166937e+00 2.896473774192129258e-01
5.429999999999999716e+00 3.439512843845359047e+00 2.894032547293006741e-01
5.440000000000000391e+00 3.442406876392651860e+00 2.891597486060489830e-01
5.450000000000000178e+00 3.445298473878712464e+00 2.889168564575719245e-01
5.459999999999999964e+00 3.448187642443288237e+00 2.886745757072154972e-01
5.469999999999999751e+00 3.451074388200360499e+00 2.884329037934425521e-01
5.480000000000000426e+00 3.453958717238295062e+00 2.881918381697192166e-01
5.490000000000000213e+00 3.456840635619992330e+00 2.879513763044018182e-01
5.500000000000000000e+00 3.459720149383036514e+00 2.877115156806252516e-01
5.509999999999999787e+00 3.462597264539842623e+00 2.874722537961921787e-01
5.520000000000000462e+00 3.465471987077804350e+00 2.872335881634633381e-01
5.530000000000000249e+00 3.468344322959438841e+00 2.869955163092486883e-01
5.540000000000000036e+00 3.471214278122531471e+00 2.867580357746997710e-01
5.549999999999999822e+00 3.474081858480278395e+00 2.865211441152029082e-01
5.560000000000000497e+00 3.476947069921430433e+00 2.862848389002733973e-01
5.570000000000000284e+00 3.479809918310432959e+00 2.860491177134507068e-01
5.580000000000000071e+00 3.482670409487567564e+00 2.858139781521945033e-01
5.589999999999999858e+00 3.485528549269089726e+00 2.855794178277818451e-01
5.600000000000000533e+00 3.488384343447367364e+00 2.853454343652049863e-01
5.610000000000000320e+00 3.491237797791019393e+00 2.851120254030704015e-01
5.620000000000000107e+00 3.494088918045050285e+00 2.848791885934985335e-01
5.629999999999999893e+00 3.496937709930985072e+00 2.846469216020245385e-01
5.639999999999999680e+00 3.499784179147005236e+00 2.844152221074999209e-01
5.650000000000000355e+00 3.502628331368080161e+00 2.841840878019948891e-01
5.660000000000000142e+00 3.505470172246099914e+00 2.839535163907018767e-01
5.669999999999999929e+00 3.508309707410007139e+00 2.837235055918395088e-01
5.679999999999999716e+00 3.511146942465925402e+00 2.834940531365580108e-01
5.690000000000000391e+00 3.513981882997291084e+00 2.832651567688447836e-01
5.700000000000000178e+00 3.516814534564979500e+00 2.830368142454313118e-01
5.709999999999999964e+00 3.519644902707433687e+00 2.828090233357007932e-01
5.719999999999999751e+00 3.522472992940790526e+00 2.825817818215964339e-01
5.730000000000000426e+00 3.525298810759006418e+00 2.823550874975306324e-01
5.740000000000000213e+00 3.528122361633981630e+00 2.821289381702951071e-01
5.750000000000000000e+00 3.530943651015684637e+00 2.819033316589715232e-01
5.759999999999999787e+00 3.533762684332274251e+00 2.816782657948431745e-01
5.770000000000000462e+00 3.536579466990222631e+00 2.814537384213073867e-01
5.780000000000000249e+00 3.539394004374435632e+00 2.812297473937885317e-01
5.790000000000000036e+00 3.542206301848373595e+00 2.810062905796519295e-01
5.799999999999999822e+00 3.545016364754169924e+00 2.807833658581185277e-01
5.810000000000000497e+00 3.547824198412750984e+00 2.805609711201803025e-01
5.820000000000000284e+00 3.550629808123952902e+00 2.803391042685163814e-01
5.830000000000000071e+00 3.553433199166637912e+00 2.801177632174097210e-01
5.839999999999999858e+00 3.556234376798812047e+00 2.798969458926649501e-01
5.850000000000000533e+00 3.559033346257738817e+00 2.796766502315264358e-01
5.860000000000000320e+00 3.561830112760054234e+00 2.794568741825974034e-01
5.870000000000000107e+00 3.564624681501880055e+00 2.792376157057595010e-01
5.879999999999999893e+00 3.567417057658937463e+00 2.790188727720933626e-01
5.889999999999999680e+00 3.570207246386658539e+00 2.788006433637995607e-01
5.900000000000000355e+00 3.572995252820296397e+00 2.785829254741203354e-01
5.910000000000000142e+00 3.575781082075037531e+00 2.783657171072621561e-01
5.919999999999999929e+00 3.578564739246110182e+00 2.781490162783185616e-01
5.929999999999999716e+00 3.581346229408893578e+00 2.779328210131942201e-01
5.940000000000000391e+00 3.584125557619025404e+00 2.777171293485290460e-01
5.950000000000000178e+00 3.586902728912510607e+00 2.775019393316234262e-01
5.959999999999999964e+00 3.589677748305826643e+00 2.772872490203638352e-01
5.969999999999999751e+00 3.592450620796030503e+00 2.770730564831491161e-01
5.980000000000000426e+00 3.595221351360862183e+00 2.768593597988174837e-01
5.990000000000000213e+00 3.597989944958850383e+00 2.766461570565740824e-01
6.000000000000000000e+00 3.600756406529415976e+00 2.764334463559190991e-01
6.009999999999999787e+00 3.603520740992975036e+00 2.762212258065765980e-01
6.020000000000000462e+00 3.606282953251040979e+00 2.760094935284239104e-01
6.030000000000000249e+00 3.609043048186325375e+00 2.757982476514215797e-01
6.040000000000000036e+00 3.611801030662839640e+00 2.755874863155438614e-01
6.049999999999999822e+00 3.614556905525994956e+00 2.753772076707100558e-01
6.060000000000000497e+00 3.617310677602702196e+00 2.751674098767160626e-01
6.070000000000000284e+00 3.620062351701469172e+00 2.749580911031667685e-01
6.080000000000000071e+00 3.622811932612501007e+00 2.747492495294088788e-01
6.089999999999999858e+00 3.625559425107795164e+00 2.745408833444644148e-01
6.100000000000000533e+00 3.628304833941239593e+00 2.743329907469646001e-01
6.110000000000000320e+00 3.631048163848709098e+00 2.741255699450844685e-01
6.120000000000000107e+00 3.633789419548159927e+00 2.739186191564778050e-01
6.129999999999999893e+00 3.636528605739724807e+00 2.737121366082130303e-01
6.140000000000000568e+00 3.639265727105807091e+00 2.735061205367090298e-01
6.150000000000000355e+00 3.642000788311174020e+00 2.733005691876720933e-01
6.160000000000000142e+00 3.644733794003050864e+00 2.730954808160330205e-01
6.169999999999999929e+00 3.647464748811211077e+00 2.728908536858847267e-01
6.179999999999999716e+00 3.650193657348069998e+00 2.726866860704206252e-01
6.190000000000000391e+00 3.652920524208774111e+00 2.724829762518733989e-01
6.200000000000000178e+00 3.655645353971292977e+00 2.722797225214540484e-01
6.209999999999999964e+00 3.658368151196507601e+00 2.720769231792918852e-01
6.219999999999999751e+00 3.661088920428300586e+00 2.718745765343745235e-01
6.230000000000000426e+00 3.663807666193644508e+00 2.716726809044888169e-01
6.240000000000000213e+00 3.666524393002689397e+00 2.714712346161619050e-01
6.250000000000000000e+00 3.669239105348851115e+00 2.712702360046030381e-01
6.259999999999999787e+00 3.671951807708897064e+00 2.710696834136456235e-01
6.270000000000000462e+00 3.674662504543033670e+00 2.708695751956899378e-01
6.280000000000000249e+00 3.677371200294990761e+00 2.706699097116462283e-01
6.290000000000000036e+00 3.680077899392107277e+00 2.704706853308781467e-01
6.299999999999999822e+00 3.682782606245416090e+00 2.702719004311469608e-01
6.310000000000000497e+00 3.685485325249727495e+00 2.700735533985559322e-01
6.320000000000000284e+00 3.688186060783713138e+00 2.698756426274951936e-01
6.330000000000000071e+00 3.690884817209988178e+00 2.696781665205871814e-01
6.339999999999999858e+00 3.693581598875193883e+00 2.694811234886323459e-01
6.350000000000000533e+00 3.696276410110080235e+00 2.692845119505555829e-01
6.360000000000000320e+00 3.698969255229585862e+00 2.690883303333526655e-01
6.370000000000000107e+00 3.701660138532919309e+00 2.688925770720374531e-01
6.379999999999999893e+00 3.704349064303639860e+00 2.686972506095894331e-01
6.390000000000000568e+00 3.707036036809735702e+00 2.685023493969016517e-01
6.400000000000000355e+00 3.709721060303704743e+00 2.683078718927290884e-01
6.410000000000000142e+00 3.712404139022631888e+00 2.681138165636372528e-01
6.419999999999999929e+00 3.715085277188268087e+00 2.679201818839516136e-01
6.429999999999999716e+00 3.717764479007107603e+00 2.677269663357070284e-01
6.440000000000000391e+00 3.720441748670464843e+00 2.675341684085977279e-01
6.450000000000000178e+00 3.723117090354550740e+00 2.673417865999276888e-01
6.459999999999999964e+00 3.725790508220550024e+00 2.671498194145613958e-01
6.469999999999999751e+00 3.728462006414695828e+00 2.669582653648751025e-01
6.480000000000000426e+00 3.731131589068344745e+00 2.667671229707082592e-01
6.490000000000000213e+00 3.733799260298051870e+00 2.665763907593154403e-01
6.500000000000000000e+00 3.736465024205644969e+00 2.663860672653186046e-01
6.509999999999999787e+00 3.739128884878298198e+00 2.661961510306599665e-01
6.520000000000000462e+00 3.741790846388604930e+00 2.660066406045548115e-01
6.530000000000000249e+00 3.744450912794650588e+00 2.658175345434450332e-01
6.540000000000000036e+00 3.747109088140085031e+00 2.656288314109528370e-01
6.549999999999999822e+00 3.749765376454194499e+00 2.654405297778349992e-01
6.560000000000000497e+00 3.752419781751972661e+00 2.652526282219372367e-01
6.570000000000000284e+00 3.755072308034192119e+00 2.650651253281490760e-01
6.580000000000000071e+00 3.757722959287473685e+00 2.648780196883591120e-01
6.589999999999999858e+00 3.760371739484357434e+00 2.646913099014105430e-01
6.600000000000000533e+00 3.763018652583371537e+00 2.645049945730570395e-01
6.610000000000000320e+00 3.765663702529101986e+00 2.643190723159190014e-01
6.620000000000000107e+00 3.768306893252260981e+00 2.641335417494400373e-01
6.629999999999999893e+00 3.770948228669755320e+00 2.639484014998440542e-01
6.640000000000000568e+00 3.773587712684753903e+00 2.637636502000923477e-01
6.650000000000000355e+00 3.776225349186754787e+00 2.635792864898411914e-01
6.660000000000000142e+00 3.778861142051653133e+00 2.633953090153998144e-01
6.669999999999999929e+00 3.781495095141806928e+00 2.632117164296885470e-01
6.679999999999999716e+00 3.784127212306103605e+00 2.630285073921973527e-01
6.690000000000000391e+00 3.786757497380025761e+00 2.628456805689447506e-01
6.700000000000000178e+00 3.789385954185715111e+00 2.626632346324369038e-01
6.709999999999999964e+00 3.792012586532039542e+00 2.624811682616272068e-01
6.719999999999999751e+00 3.794637398214655732e+00 2.622994801418759847e-01
6.730000000000000426e+00 3.797260393016074431e+00 2.621181689649106361e-01
6.740000000000000213e+00 3.799881574705723519e+00 2.619372334287859982e-01
6.750000000000000000e+00 3.802500947040011514e+00 2.617566722378451005e-01
6.759999999999999787e+00 3.805118513762390187e+00 2.615764841026800847e-01
6.770000000000000462e+00 3.807734278603417177e+00 2.613966677400936245e-01
6.780000000000000249e+00 3.810348245280818169e+00 2.612172218730603457e-01
6.790000000000000036e+00 3.812960417499548615e+00 2.610381452306889116e-01
6.799999999999999822e+00 3.815570798951855469e+00 2.608594365481839983e-01
6.810000000000000497e+00 3.818179393317337134e+00 2.606810945668088242e-01
6.820000000000000284e+00 3.820786204263005192e+00 2.605031180338479024e-01
6.830000000000000071e+00 3.823391235443343472e+00 2.603255057025700148e-01
6.839999999999999858e+00 3.825994490500369327e+00 2.601482563321915187e-01
6.850000000000000533e+00 3.828595973063691371e+00 2.599713686878399321e-01
6.860000000000000320e+00 3.831195686750569873e+00 2.597948415405176847e-01
6.870000000000000107e+00 3.833793635165974933e+00 2.596186736670663686e-01
6.879999999999999893e+00 3.836389821902645547e+00 2.594428638501309892e-01
6.890000000000000568e+00 3.838984250541146892e+00 2.592674108781246600e-01
6.900000000000000355e+00 3.841576924649928060e+00 2.590923135451935200e-01
6.910000000000000142e+00 3.844167847785379788e+00 2.589175706511818165e-01
6.919999999999999929e+00 3.846757023491891747e+00 2.587431810015973777e-01
6.929999999999999716e+00 3.849344455301907608e+00 2.585691434075773065e-01
6.940000000000000391e+00 3.851930146735983218e+00 2.583954566858539525e-01
6.950000000000000178e+00 3.854514101302841667e+00 2.582221196587210499e-01
6.959999999999999964e+00 3.857096322499428798e+00 2.580491311540000221e-01
6.969999999999999751e+00 3.859676813810968721e+00 2.578764900050069531e-01
6.980000000000000426e+00 3.862255578711018877e+00 2.577041950505191692e-01
6.990000000000000213e+00 3.864832620661524221e+00 2.575322451347427655e-01
7.000000000000000000e+00 3.867407943112871838e+00 2.573606391072796873e-01
7.009999999999999787e+00 3.869981549503944684e+00 2.571893758230955895e-01
7.020000000000000462e+00 3.872553443262175765e+00 2.570184541424876956e-01
7.030000000000000249e+00 3.875123627803600534e+00 2.568478729310528230e-01
7.040000000000000036e+00 3.877692106532911076e+00 2.566776310596557975e-01
7.049999999999999822e+00 3.880258882843507617e+00 2.565077274043980893e-01
7.060000000000000497e+00 3.882823960117551820e+00 2.563381608465865047e-01
7.070000000000000284e+00 3.885387341726017851e+00 2.561689302727022666e-01
7.080000000000000071e+00 3.887949031028744784e+00 2.560000345743704275e-01
7.089999999999999858e+00 3.890509031374488558e+00 2.558314726483290613e-01
7.100000000000000533e+00 3.893067346100971715e+00 2.556632433963992868e-01
7.110000000000000320e+00 3.895623978534935805e+00 2.554953457254549587e-01
7.120000000000000107e+00 3.898178931992190233e+00 2.553277785473929695e-01
7.129999999999999893e+00 3.900732209777664217e+00 2.551605407791034952e-01
7.140000000000000568e+00 3.903283815185455197e+00 2.549936313424405743e-01
7.150000000000000355e+00 3.905833751498879458e+00 2.548270491641930202e-01
7.160000000000000142e+00 3.908382021990521427e+00 2.546607931760552224e-01
7.169999999999999929e+00 3.910928629922282074e+00 2.544948623145985578e-01
7.179999999999999716e+00 3.913473578545428211e+00 2.543292555212426365e-01
7.190000000000000391e+00 3.916016871100640451e+00 2.541639717422269906e-01
7.200000000000000178e+00 3.918558510818062501e+00 2.539990099285828196e-01
7.209999999999999964e+00 3.921098500917348240e+00 2.538343690361051785e-01
7.219999999999999751e+00 3.923636844607709229e+00 2.536700480253249457e-01
7.230000000000000426e+00 3.926173545087962680e+00 2.535060458614814549e-01
7.240000000000000213e+00 3.928708605546577637e+00 2.533423615144950181e-01
7.250000000000000000e+00 3.931242029161722495e+00 2.531789939589396687e-01
7.259999999999999787e+00 3.933773819101312075e+00 2.530159421740162951e-01
7.270000000000000462e+00 3.936303978523052027e+00 2.528532051435257166e-01
7.280000000000000249e+00 3.938832510574487245e+00 2.526907818558421503e-01
7.290000000000000036e+00 3.941359418393045821e+00 2.525286713038867314e-01
7.299999999999999822e+00 3.943884705106084798e+00 2.523668724851012568e-01
7.310000000000000497e+00 3.946408373830935901e+00 2.522053844014220947e-01
7.320000000000000284e+00 3.948930427674949950e+00 2.520442060592544276e-01
7.330000000000000071e+00 3.951450869735542604e+00 2.518833364694464394e-01
7.339999999999999858e+00 3.953969703100236988e+00 2.517227746472638361e-01
7.350000000000000533e+00 3.956486930846709438e+00 2.515625196123645324e-01
7.360000000000000320e+00 3.959002556042833021e+00 2.514025703887734497e-01
7.370000000000000107e+00 3.961516581746720611e+00 2.512429260048575919e-01
7.379999999999999893e+00 3.964029011006769299e+00 2.510835854933011757e-01
7.390000000000000568e+00 3.966539846861702134e+00 2.509245478910809846e-01
7.400000000000000355e+00 3.969049092340612983e+00 2.507658122394420541e-01
7.410000000000000142e+00 3.971556750463007379e+00 2.506073775838731366e-01
7.419999999999999929e+00 3.974062824238846048e+00 2.504492429740827752e-01
7.429999999999999716e+00 3.976567316668587093e+00 2.502914074639752684e-01
7.440000000000000391e+00 3.979070230743226855e+00 2.501338701116269103e-01
7.450000000000000178e+00 3.981571569444342984e+00 2.499766299792622881e-01
7.459999999999999964e+00 3.984071335744135745e+00 2.498196861332308838e-01
7.469999999999999751e+00 3.986569532605467980e+00 2.496630376439837595e-01
7.480000000000000426e+00 3.989066162981907748e+00 2.495066835860504373e-01
7.490000000000000213e+00 3.991561229817768286e+00 2.493506230380158617e-01
7.500000000000000000e+00 3.994054736048148424e+00 2.491948550824976405e-01
7.509999999999999787e+00 3.996546684598973442e+00 2.490393788061233404e-01
7.520000000000000462e+00 3.999037078387034594e+00 2.488841932995079775e-01
7.530000000000000249e+00 4.001525920320029961e+00 2.487292976572316738e-01
7.540000000000000036e+00 4.004013213296602203e+00 2.485746909778174529e-01
7.549999999999999822e+00 4.006498960206380744e+00 2.484203723637091743e-01
7.560000000000000497e+00 4.008983163930017746e+00 2.482663409212496342e-01
7.570000000000000284e+00 4.011465827339230295e+00 2.481125957606588328e-01
7.580000000000000071e+00 4.013946953296836817e+00 2.479591359960123531e-01
7.589999999999999858e+00 4.016426544656797049e+00 2.478059607452198776e-01
7.600000000000000533e+00 4.018904604264249336e+00 2.476530691300039833e-01
7.610000000000000320e+00 4.021381134955549719e+00 2.475004602758788252e-01
7.620000000000000107e+00 4.023856139558308342e+00 2.473481333121292092e-01
7.629999999999999893e+00 4.026329620891429428e+00 2.471960873717897189e-01
7.640000000000000568e+00 4.028801581765147688e+00 2.470443215916239277e-01
7.650000000000000355e+00 4.031272024981063851e+00 2.468928351121038034e-01
7.660000000000000142e+00 4.033740953332184631e+00 2.467416270773893083e-01
7.669999999999999929e+00 4.036208369602958257e+00 2.465906966353079710e-01
7.679999999999999716e+00 4.038674276569311772e+00 2.464400429373348189e-01
7.690000000000000391e+00 4.041138676998684787e+00 2.462896651385722280e-01
7.700000000000000178e+00 4.043601573650070335e+00 2.461395623977300773e-01
7.709999999999999964e+00 4.046062969274047738e+00 2.459897338771059316e-01
7.719999999999999751e+00 4.048522866612819016e+00 2.458401787425653906e-01
7.730000000000000426e+00 4.050981268400244417e+00 2.456908961635225763e-01
7.740000000000000213e+00 4.053438177361879724e+00 2.455418853129207601e-01
7.750000000000000000e+00 4.055893596215009111e+00 2.453931453672130725e-01
7.759999999999999787e+00 4.058347527668681565e+00 2.452446755063434347e-01
7.770000000000000462e+00 4.060799974423744629e+00 2.450964749137274357e-01
7.780000000000000249e+00 4.063250939172881715e+00 2.449485427762336243e-01
7.790000000000000036e+00 4.065700424600644070e+00 2.448008782841645803e-01
7.799999999999999822e+00 4.068148433383485418e+00 2.446534806312384291e-01
7.810000000000000497e+00 4.070594968189797491e+00 2.445063490145702456e-01
7.820000000000000284e+00 4.073040031679942885e+00 2.443594826346537352e-01
7.830000000000000071e+00 4.075483626506289703e+00 2.442128806953429432e-01
7.839999999999999858e+00 4.077925755313243528e+00 2.440665424038341025e-01
7.850000000000000533e+00 4.080366420737282063e+00 2.439204669706476480e-01
7.860000000000000320e+00 4.082805625406988881e+00 2.437746536096102590e-01
7.870000000000000107e+00 4.085243371943085400e+00 2.436291015378371505e-01
7.879999999999999893e+00 4.087679662958463744e+00 2.434838099757143659e-01
7.890000000000000568e+00 4.090114501058220497e+00 2.433387781468812350e-01
7.900000000000000355e+00 4.092547888839689563e+00 2.431940052782128880e-01
7.910000000000000142e+00 4.094979828892471474e+00 2.430494905998030475e-01
7.919999999999999929e+00 4.097410323798469811e+00 2.429052333449466805e-01
7.930000000000000604e+00 4.099839376131919622e+00 2.427612327501230127e-01
7.940000000000000391e+00 4.102266988459421171e+00 2.426174880549784862e-01
7.950000000000000178e+00 4.104693163339971029e+00 2.424739985023099120e-01
7.959999999999999964e+00 4.107117903324994046e+00 2.423307633380477055e-01
7.969999999999999751e+00 4.109541210958374435e+00 2.421877818112391778e-01
7.980000000000000426e+00 4.111963088776486863e+00 2.420450531740320765e-01
7.990000000000000213e+00 4.114383539308227533e+00 2.419025766816580714e-01
8.000000000000000000e+00 4.116802565075044384e+00 2.417603515924164892e-01
8.009999999999999787e+00 4.119220168590968179e+00 2.416183771676579661e-01
8.019999999999999574e+00 4.121636352362644473e+00 2.414766526717684880e-01
8.029999999999999361e+00 4.124051118889362044e+00 2.413351773721532367e-01
8.040000000000000924e+00 4.126464470663083972e+00 2.411939505392207417e-01
8.050000000000000711e+00 4.128876410168476063e+00 2.410529714463670314e-01
8.060000000000000497e+00 4.131286939882939713e+00 2.409122393699599518e-01
8.070000000000000284e+00 4.133696062276639438e+00 2.407717535893235394e-01
8.080000000000000071e+00 4.136103779812533077e+00 2.406315133867225065e-01
8.089999999999999858e+00 4.138510094946400208e+00 2.404915180473468361e-01
8.099999999999999645e+00 4.140915010126873241e+00 2.403517668592964618e-01
8.109999999999999432e+00 4.143318527795465833e+00 2.402122591135660845e-01
8.120000000000000995e+00 4.145720650386601314e+00 2.400729941040300186e-01
8.130000000000000782e+00 4.148121380327641994e+00 2.399339711274271481e-01
8.140000000000000568e+00 4.150520720038916700e+00 2.397951894833460496e-01
8.150000000000000355e+00 4.152918671933750083e+00 2.396566484742101710e-01
8.160000000000000142e+00 4.155315238418491930e+00 2.395183474052630379e-01
8.169999999999999929e+00 4.157710421892544694e+00 2.393802855845536537e-01
8.179999999999999716e+00 4.160104224748390145e+00 2.392424623229219283e-01
8.189999999999999503e+00 4.162496649371619561e+00 2.391048769339842450e-01
8.199999999999999289e+00 4.164887698140959493e+00 2.389675287341190280e-01
8.210000000000000853e+00 4.167277373428301068e+00 2.388304170424525585e-01
8.220000000000000639e+00 4.169665677598725750e+00 2.386935411808447649e-01
8.230000000000000426e+00 4.172052613010533761e+00 2.385569004738750387e-01
8.240000000000000213e+00 4.174438182015272503e+00 2.384204942488283296e-01
8.250000000000000000e+00 4.176822386957760536e+00 2.382843218356811843e-01
8.259999999999999787e+00 4.179205230176117780e+00 2.381483825670879517e-01
8.269999999999999574e+00 4.181586714001788607e+00 2.380126757783669611e-01
8.279999999999999361e+00 4.183966840759572037e+00 2.378772008074869215e-01
8.290000000000000924e+00 4.186345612767646607e+00 2.377419569950533218e-01
8.300000000000000711e+00 4.188723032337597019e+00 2.376069436842949967e-01
8.310000000000000497e+00 4.191099101774439895e+00 2.374721602210506377e-01
8.320000000000000284e+00 4.193473823376650422e+00 2.373376059537554983e-01
8.330000000000000071e+00 4.195847199436188113e+00 2.372032802334282375e-01
8.339999999999999858e+00 4.198219232238522558e+00 2.370691824136576253e-01
8.349999999999999645e+00 4.200589924062659186e+00 2.369353118505896083e-01
8.359999999999999432e+00 4.202959277181165021e+00 2.368016679029141813e-01
8.370000000000000995e+00 4.205327293860194438e+00 2.366682499318525923e-01
8.380000000000000782e+00 4.207693976359513144e+00 2.365350573011444357e-01
8.390000000000000568e+00 4.210059326932524826e+00 2.364020893770349407e-01
8.400000000000000355e+00 4.212423347826295128e+00 2.362693455282622867e-01
8.410000000000000142e+00 4.214786041281577411e+00 2.361368251260449747e-01
8.419999999999999929e+00 4.217147409532837621e+00 2.360045275440693646e-01
8.429999999999999716e+00 4.219507454808278268e+00 2.358724521584772138e-01
8.439999999999999503e+00 4.221866179329863300e+00 2.357405983478532974e-01
8.449999999999999289e+00 4.224223585313342078e+00 2.356089654932131128e-01
8.460000000000000853e+00 4.226579674968274247e+00 2.354775529779907228e-01
8.470000000000000639e+00 4.228934450498053721e+00 2.353463601880265432e-01
8.480000000000000426e+00 4.231287914099933545e+00 2.352153865115553244e-01
8.490000000000000213e+00 4.233640067965048992e+00 2.350846313391941611e-01
8.500000000000000000e+00 4.235990914278440655e+00 2.349540940639305853e-01
8.509999999999999787e+00 4.238340455219080205e+00 2.348237740811106866e-01
8.519999999999999574e+00 4.240688692959891704e+00 2.346936707884273443e-01
8.529999999999999361e+00 4.243035629667775588e+00 2.345637835859085973e-01
8.540000000000000924e+00 4.245381267503634426e+00 2.344341118759059039e-01
8.550000000000000711e+00 4.247725608622393345e+00 2.343046550630826785e-01
8.560000000000000497e+00 4.250068655173024013e+00 2.341754125544027454e-01
8.570000000000000284e+00 4.252410409298567728e+00 2.340463837591189866e-01
8.580000000000000071e+00 4.254750873136158518e+00 2.339175680887619069e-01
8.589999999999999858e+00 4.257090048817046224e+00 2.337889649571284201e-01
8.599999999999999645e+00 4.259427938466617825e+00 2.336605737802706084e-01
8.609999999999999432e+00 4.261764544204420524e+00 2.335323939764846202e-01
8.620000000000000995e+00 4.264099868144185734e+00 2.334044249662995119e-01
8.630000000000000782e+00 4.266433912393848615e+00 2.332766661724662849e-01
8.640000000000000568e+00 4.268766679055572943e+00 2.331491170199470053e-01
8.650000000000000355e+00 4.271098170225772428e+00 2.330217769359037849e-01
8.660000000000000142e+00 4.273428387995131139e+00 2.328946453496881230e-01
8.669999999999999929e+00 4.275757334448628377e+00 2.327677216928300263e-01
8.679999999999999716e+00 4.278085011665556436e+00 2.326410053990274063e-01
8.689999999999999503e+00 4.280411421719546361e+00 2.325144959041354487e-01
8.700000000000001066e+00 4.282736566678587486e+00 2.323881926461560110e-01
8.710000000000000853e+00 4.285060448605048755e+00 2.322620950652272143e-01
8.720000000000000639e+00 4.287383069555700921e+00 2.321362026036129234e-01
8.730000000000000426e+00 4.289704431581736976e+00 2.320105147056924499e-01
8.740000000000000213e+00 4.292024536728793471e+00 2.318850308179501996e-01
8.750000000000000000e+00 4.294343387036972715e+00 2.317597503889654575e-01
8.759999999999999787e+00 4.296660984540862316e+00 2.316346728694021750e-01
8.769999999999999574e+00 4.298977331269556501e+00 2.315097977119988659e-01
8.779999999999999361e+00 4.301292429246676541e+00 2.313851243715585593e-01
8.790000000000000924e+00 4.303606280490392066e+00 2.312606523049387519e-01
8.800000000000000711e+00 4.305918887013441498e+00 2.311363809710415274e-01
8.810000000000000497e+00 4.308230250823151586e+00 2.310123098308035638e-01
8.820000000000000284e+00 4.310540373921459611e+00 2.308884383471864477e-01
8.830000000000000071e+00 4.312849258304931155e+00 2.307647659851667643e-01
8.839999999999999858e+00 4.315156905964783185e+00 2.306412922117265230e-01
8.849999999999999645e+00 4.317463318886900048e+00 2.305180164958433586e-01
8.859999999999999432e+00 4.319768499051858335e+00 2.303949383084810676e-01
8.870000000000000995e+00 4.322072448434942871e+00 2.302720571225799762e-01
8.880000000000000782e+00 4.324375169006168917e+00 2.301493724130474761e-01
8.890000000000000568e+00 4.326676662730299050e+00 2.300268836567486153e-01
8.900000000000000355e+00 4.328976931566866249e+00 2.299045903324967166e-01
8.910000000000000142e+00 4.331275977470190774e+00 2.297824919210440520e-01
8.919999999999999929e+00 4.333573802389401486e+00 2.296605879050725718e-01
8.929999999999999716e+00 4.335870408268451826e+00 2.295388777691846904e-01
8.939999999999999503e+00 4.338165797046143801e+00 2.294173609998941266e-01
8.950000000000001066e+00 4.340459970656143085e+00 2.292960370856168273e-01
8.960000000000000853e+00 4.342752931026999441e+00 2.291749055166618920e-01
8.970000000000000639e+00 4.345044680082166266e+00 2.290539657852225797e-01
8.980000000000000426e+00 4.347335219740018353e+00 2.289332173853673436e-01
8.990000000000000213e+00 4.349624551913872317e+00 2.288126598130310052e-01
9.000000000000000000e+00 4.351912678512002586e+00 2.286922925660057893e-01
9.009999999999999787e+00 4.354199601437662714e+00 2.285721151439326637e-01
9.019999999999999574e+00 4.356485322589102260e+00 2.284521270482924860e-01
9.029999999999999361e+00 4.358769843859585436e+00 2.283323277823973985e-01
9.040000000000000924e+00 4.361053167137409758e+00 2.282127168513821414e-01
9.050000000000000711e+00 4.363335294305923817e+00 2.280932937621954759e-01
9.060000000000000497e+00 4.365616227243545922e+00 2.279740580235916081e-01
9.070000000000000284e+00 4.367895967823781866e+00 2.278550091461217786e-01
9.080000000000000071e+00 4.370174517915242696e+00 2.277361466421257141e-01
9.089999999999999858e+00 4.372451879381664241e+00 2.276174700257233563e-01
9.099999999999999645e+00 4.374728054081921336e+00 2.274989788128063684e-01
9.109999999999999432e+00 4.377003043870049126e+00 2.273806725210299473e-01
9.120000000000000995e+00 4.379276850595259063e+00 2.272625506698045528e-01
9.130000000000000782e+00 4.381549476101957552e+00 2.271446127802876358e-01
9.140000000000000568e+00 4.383820922229760164e+00 2.270268583753755898e-01
9.150000000000000355e+00 4.386091190813513840e+00 2.269092869796955347e-01
9.160000000000000142e+00 4.388360283683311103e+00 2.267918981195973516e-01
9.169999999999999929e+00 4.390628202664506929e+00 2.266746913231455496e-01
9.179999999999999716e+00 4.392894949577738295e+00 2.265576661201113562e-01
9.189999999999999503e+00 4.395160526238939269e+00 2.264408220419648343e-01
9.200000000000001066e+00 4.397424934459358781e+00 2.263241586218669166e-01
9.210000000000000853e+00 4.399688176045577492e+00 2.262076753946616059e-01
9.220000000000000639e+00 4.401950252799523788e+00 2.260913718968681485e-01
9.230000000000000426e+00 4.404211166518492426e+00 2.259752476666733734e-01
9.240000000000000213e+00 4.406470918995158748e+00 2.258593022439238651e-01
9.250000000000000000e+00 4.408729512017598218e+00 2.257435351701183590e-01
9.259999999999999787e+00 4.410986947369299749e+00 2.256279459884001637e-01
9.269999999999999574e+00 4.413243226829183463e+00 2.255125342435495006e-01
9.279999999999999361e+00 4.415498352171619345e+00 2.253972994819760101e-01
9.290000000000000924e+00 4.417752325166438787e+00 2.252822412517112849e-01
9.300000000000000711e+00 4.420005147578955906e+00 2.251673591024013765e-01
9.310000000000000497e+00 4.422256821169979979e+00 2.250526525852994120e-01
9.320000000000000284e+00 4.424507347695833204e+00 2.249381212532582386e-01
9.330000000000000071e+00 4.426756728908365801e+00 2.248237646607230411e-01
9.339999999999999858e+00 4.429004966554972889e+00 2.247095823637241252e-01
9.349999999999999645e+00 4.431252062378610468e+00 2.245955739198696177e-01
9.359999999999999432e+00 4.433498018117808748e+00 2.244817388883383336e-01
9.370000000000000995e+00 4.435742835506692572e+00 2.243680768298725314e-01
9.380000000000000782e+00 4.437986516274991189e+00 2.242545873067708362e-01
9.390000000000000568e+00 4.440229062148058681e+00 2.241412698828811889e-01
9.400000000000000355e+00 4.442470474846887285e+00 2.240281241235937137e-01
9.410000000000000142e+00 4.444710756088123382e+00 2.239151495958337512e-01
9.419999999999999929e+00 4.446949907584081707e+00 2.238023458680549471e-01
9.429999999999999716e+00 4.449187931042762223e+00 2.236897125102322581e-01
9.439999999999999503e+00 4.451424828167864334e+00 2.235772490938550960e-01
9.450000000000001066e+00 4.453660600658802871e+00 2.234649551919204447e-01
9.460000000000000853e+00 4.455895250210722303e+00 2.233528303789260594e-01
9.470000000000000639e+00 4.458128778514511836e+00 2.232408742308637506e-01
9.480000000000000426e+00 4.460361187256820514e+00 2.231290863252125278e-01
9.490000000000000213e+00 4.462592478120072315e+00 2.230174662409319941e-01
9.500000000000000000e+00 4.464822652782481249e+00 2.229060135584556568e-01
9.509999999999999787e+00 4.467051712918065576e+00 2.227947278596842662e-01
9.519999999999999574e+00 4.469279660196662007e+00 2.226836087279792931e-01
9.529999999999999361e+00 4.471506496283941701e+00 2.225726557481562951e-01
9.540000000000000924e+00 4.473732222841423578e+00 2.224618685064784496e-01
9.550000000000000711e+00 4.475956841526488539e+00 2.223512465906500590e-01
9.560000000000000497e+00 4.478180353992395446e+00 2.222407895898100838e-01
9.570000000000000284e+00 4.480402761888293561e+00 2.221304970945257584e-01
9.580000000000000071e+00 4.482624066859238532e+00 2.220203686967862078e-01
9.589999999999999858e+00 4.484844270546206602e+00 2.219104039899960634e-01
9.599999999999999645e+00 4.487063374586106157e+00 2.218006025689692184e-01
9.609999999999999432e+00 4.489281380611795491e+00 2.216909640299225270e-01
9.620000000000000995e+00 4.491498290252094350e+00 2.215814879704695040e-01
9.630000000000000782e+00 4.493714105131799030e+00 2.214721739896142461e-01
9.640000000000000568e+00 4.495928826871694817e+00 2.213630216877451318e-01
9.650000000000000355e+00 4.498142457088571966e+00 2.212540306666287704e-01
9.660000000000000142e+00 4.500354997395238144e+00 2.211452005294038403e-01
9.669999999999999929e+00 4.502566449400531745e+00 2.210365308805750384e-01
9.679999999999999716e+00 4.504776814709337884e+00 2.209280213260070569e-01
9.689999999999999503e+00 4.506986094922598163e+00 2.208196714729185606e-01
9.700000000000001066e+00 4.509194291637327545e+00 2.207114809298761915e-01
9.710000000000000853e+00 4.511401406446625906e+00 2.206034493067886570e-01
9.720000000000000639e+00 4.513607440939694015e+00 2.204955762149008180e-01
9.730000000000000426e+00 4.515812396701843312e+00 2.203878612667877768e-01
9.740000000000000213e+00 4.518016275314510999e+00 2.202803040763490761e-01
9.750000000000000000e+00 4.520219078355274256e+00 2.201729042588028429e-01
9.759999999999999787e+00 4.522420807397862674e+00 2.200656614306800152e-01
9.769999999999999574e+00 4.524621464012169803e+00 2.199585752098185965e-01
9.779999999999999361e+00 4.526821049764268245e+00 2.198516452153579381e-01
9.790000000000000924e+00 4.529019566216422099e+00 2.197448710677330497e-01
9.800000000000000711e+00 4.531217014927099385e+00 2.196382523886688809e-01
9.810000000000000497e+00 4.533413397450986260e+00 2.195317888011747709e-01
9.820000000000000284e+00 4.535608715338997676e+00 2.194254799295387859e-01
9.830000000000000071e+00 4.537802970138293368e+00 2.193193253993221958e-01
9.839999999999999858e+00 4.539996163392286732e+00 2.192133248373538956e-01
9.849999999999999645e+00 4.542188296640659928e+00 2.191074778717248817e-01
9.859999999999999432e+00 4.544379371419377200e+00 2.190017841317828118e-01
9.870000000000000995e+00 4.546569389260694649e+00 2.188962432481265097e-01
9.880000000000000782e+00 4.548758351693176216e+00 2.187908548526005803e-01
9.890000000000000568e+00 4.550946260241702568e+00 2.186856185782899975e-01
9.900000000000000355e+00 4.553133116427485305e+00 2.185805340595147195e-01
9.910000000000000142e+00 4.555318921768080287e+00 2.184756009318243319e-01
9.919999999999999929e+00 4.557503677777398288e+00 2.183708188319928023e-01
9.929999999999999716e+00 4.559687385965718320e+00 2.182661873980131229e-01
9.939999999999999503e+00 4.561870047839698294e+00 2.181617062690920927e-01
9.950000000000001066e+00 4.564051664902389227e+00 2.180573750856451276e-01
9.960000000000000853e+00 4.566232238653245901e+00 2.179531934892909584e-01
9.970000000000000639e+00 4.568411770588138410e+00 2.178491611228465519e-01
9.980000000000000426e+00 4.570590262199367260e+00 2.177452776303219206e-01
9.990000000000000213e+00 4.572767714975670472e+00 2.176415426569150158e-01
