0.000000000000000000e+00 0.000000000000000000e+00
1.000000000000000021e-02 9.999000049998332806e-03
2.000000000000000042e-02 1.999200159978668789e-02
2.999999999999999889e-02 2.997301214635582009e-02
4.000000000000000083e-02 3.993605117270425386e-02
5.000000000000000278e-02 4.987515611987300423e-02
5.999999999999999778e-02 5.978438833385960050e-02
7.000000000000000666e-02 6.965783897910808597e-02
8.000000000000000167e-02 7.948963491033192441e-02
8.999999999999999667e-02 8.927394449450140601e-02
1.000000000000000056e-01 9.900498337491681067e-02
1.100000000000000006e-01 1.086770201693922078e-01
1.199999999999999956e-01 1.182843820946931496e-01
1.300000000000000044e-01 1.278214605095032153e-01
1.400000000000000133e-01 1.372827163683399965e-01
1.499999999999999944e-01 1.466626855790004458e-01
1.600000000000000033e-01 1.559559842562870391e-01
1.700000000000000122e-01 1.651573138649502781e-01
1.799999999999999933e-01 1.742614662449812890e-01
1.900000000000000022e-01 1.832633285125949418e-01
2.000000000000000111e-01 1.921578878304646409e-01
2.099999999999999922e-01 2.009402360410010302e-01
2.200000000000000011e-01 2.096055741567064146e-01
2.300000000000000100e-01 2.181492167018890538e-01
2.399999999999999911e-01 2.265665959002805541e-01
2.500000000000000000e-01 2.348532657033689519e-01
2.600000000000000089e-01 2.430049056545366681e-01
2.700000000000000178e-01 2.510173245843776990e-01
2.800000000000000266e-01 2.588864641328590399e-01
2.899999999999999800e-01 2.666084020942902644e-01
2.999999999999999889e-01 2.741793555813684669e-01
3.099999999999999978e-01 2.815956840048730592e-01
3.200000000000000067e-01 2.888538918659014909e-01
3.300000000000000155e-01 2.959506313578496584e-01
3.400000000000000244e-01 3.028827047756650348e-01
3.500000000000000333e-01 3.096470667302193003e-01
3.599999999999999867e-01 3.162408261659752640e-01
3.699999999999999956e-01 3.226612481804460586e-01
3.800000000000000044e-01 3.289057556442711028e-01
3.900000000000000133e-01 3.349719306210606207e-01
4.000000000000000222e-01 3.408575155864845829e-01
4.100000000000000311e-01 3.465604144464056180e-01
4.199999999999999845e-01 3.520786933541780739e-01
4.299999999999999933e-01 3.574105813275534338e-01
4.400000000000000022e-01 3.625544706659494243e-01
4.500000000000000111e-01 3.675089171691499068e-01
4.600000000000000200e-01 3.722726401588127843e-01
4.700000000000000289e-01 3.768445223044624148e-01
4.799999999999999822e-01 3.812236092559423972e-01
4.899999999999999911e-01 3.854091090845929157e-01
5.000000000000000000e-01 3.894003915357024392e-01
5.100000000000000089e-01 3.931969870950587920e-01
5.200000000000000178e-01 3.967985858726947312e-01
5.300000000000000266e-01 4.002050363071824601e-01
5.400000000000000355e-01 4.034163436940856329e-01
5.500000000000000444e-01 4.064326685424193841e-01
5.600000000000000533e-01 4.092543247632022263e-01
5.700000000000000622e-01 4.118817776944103670e-01
5.799999999999999600e-01 4.143156419668553303e-01
5.899999999999999689e-01 4.165566792157124332e-01
5.999999999999999778e-01 4.186057956426186277e-01
6.099999999999999867e-01 4.204640394334420717e-01
6.199999999999999956e-01 4.221325980369933228e-01
6.300000000000000044e-01 4.236127953101117005e-01
6.400000000000000133e-01 4.249060885347030747e-01
6.500000000000000222e-01 4.260140653124463439e-01
6.600000000000000311e-01 4.269384403430057096e-01
6.700000000000000400e-01 4.276810520917002645e-01
6.800000000000000488e-01 4.282438593526821102e-01
6.900000000000000577e-01 4.286289377137610934e-01
7.000000000000000666e-01 4.288384759290912451e-01
7.099999999999999645e-01 4.288747722059979561e-01
7.199999999999999734e-01 4.287402304122742702e-01
7.299999999999999822e-01 4.284373562103167554e-01
7.399999999999999911e-01 4.279687531244986132e-01
7.500000000000000000e-01 4.273371185481922296e-01
7.600000000000000089e-01 4.265452396968585358e-01
7.700000000000000178e-01 4.255959895136132709e-01
7.800000000000000266e-01 4.244923225336617589e-01
7.900000000000000355e-01 4.232372707139619439e-01
8.000000000000000444e-01 4.218339392344388483e-01
8.100000000000000533e-01 4.202855022770163873e-01
8.200000000000000622e-01 4.185951987886771808e-01
8.300000000000000711e-01 4.167663282346828479e-01
8.399999999999999689e-01 4.148022463480107724e-01
8.499999999999999778e-01 4.127063608809675710e-01
8.599999999999999867e-01 4.104821273648434077e-01
8.699999999999999956e-01 4.081330448833578317e-01
8.800000000000000044e-01 4.056626518655335745e-01
8.900000000000000133e-01 4.030745219035062332e-01
9.000000000000000222e-01 4.003722596006469847e-01
9.100000000000000311e-01 3.975594964552321975e-01
9.200000000000000400e-01 3.946398867847471514e-01
9.300000000000000488e-01 3.916171036957580287e-01
9.400000000000000577e-01 3.884948351041234704e-01
9.500000000000000666e-01 3.852767798101545127e-01
9.599999999999999645e-01 3.819666436331564663e-01
9.699999999999999734e-01 3.785681356096155525e-01
9.799999999999999822e-01 3.750849642591077004e-01
9.899999999999999911e-01 3.715208339218272759e-01
