9
0.0
0.0001184
332979 -0.0 0.0 0 -0.0002154563402843736 -0.003297089030754196 0.0
0.05528 0.3866597136522749 -0.016225468817287824 0 0.4187957461402699 9.98191525784479 0.0
0.816 -0.6642298996589774 0.2862892425485541 0 -2.921291925313503 -6.780590963610117 0.0
1.0 0.34772609910807883 -0.9375961604012031 0 5.890701219460475 2.181465991665305 0.0
0.108 0.0574146861047234 1.521917393888215 0 -5.076604399841356 0.18821085936845453 0.0
317.9 5.1999041770090475 -0.03156817897596857 0 0.016539961731575865 2.7566520510740475 0.0
95.14 9.096605605401313 -3.004690742785587 0 0.6414961574112094 1.9394644003900272 0.0
14.54 18.887798512098616 -3.448342698509708 0 0.25661423422580326 1.4034504043182574 0.0
17.08 29.987330814184087 1.9397140615785418 0 -0.07380194652995284 1.134325444352602 0.0
